7.773870e-01
7.180219e-01
6.428478e-01
6.438996e-01
6.438996e-01
6.408337e-01
6.408337e-01
6.419458e-01
6.419458e-01
6.395785e-01
6.395785e-01
6.400964e-01
6.489215e-01
6.489215e-01
6.489215e-01
6.489215e-01
6.489215e-01
6.404900e-01
6.404900e-01
6.404900e-01
6.404900e-01
6.404900e-01
6.404900e-01
6.404900e-01
6.404900e-01
6.404900e-01
6.404900e-01
6.404900e-01
6.404900e-01
6.404900e-01
6.404900e-01
6.404900e-01
6.404900e-01
6.404900e-01
6.404900e-01
6.404900e-01
6.405377e-01
6.405377e-01
6.405377e-01
6.405377e-01
6.405377e-01
6.405377e-01
6.405377e-01
6.405377e-01
6.405377e-01
6.583151e-01
6.583151e-01
6.583151e-01
6.583151e-01
6.583151e-01
6.583151e-01
6.583151e-01
6.583151e-01
6.583151e-01
6.583151e-01
6.578291e-01
6.586913e-01
6.586913e-01
6.553767e-01
6.637431e-01
6.637431e-01
6.629318e-01
6.633775e-01
6.995817e-01
6.995817e-01
6.995817e-01
7.073635e-01
7.400221e-01
7.400221e-01
7.313450e-01
6.725221e-01
6.725221e-01
6.725221e-01
6.725221e-01
6.725221e-01
6.725221e-01
6.725221e-01
6.725221e-01
6.730828e-01
6.730828e-01
6.731440e-01
6.731440e-01
6.731440e-01
6.731440e-01
6.731440e-01
6.731440e-01
6.731440e-01
6.731440e-01
7.867042e-01
7.867042e-01
7.861929e-01
7.861929e-01
8.075173e-01
8.075173e-01
8.075173e-01
8.075173e-01
8.075173e-01
8.075173e-01
8.075173e-01
8.075173e-01
