6.978657e-01
5.508397e-01
5.902786e-01
5.698042e-01
5.572458e-01
5.367661e-01
5.320641e-01
5.380906e-01
5.333463e-01
5.571943e-01
5.579139e-01
5.800295e-01
5.888900e-01
5.837488e-01
6.123974e-01
5.463651e-01
5.399783e-01
5.784584e-01
5.820154e-01
5.817357e-01
5.748371e-01
5.839928e-01
5.950995e-01
5.588880e-01
5.668023e-01
5.397369e-01
5.469041e-01
5.310753e-01
5.123111e-01
5.292003e-01
5.247764e-01
5.603771e-01
5.827599e-01
5.542596e-01
5.477961e-01
5.417305e-01
5.522849e-01
5.216340e-01
5.583220e-01
5.426464e-01
5.329445e-01
5.661724e-01
5.529581e-01
5.181876e-01
5.250589e-01
5.324396e-01
5.529849e-01
5.405975e-01
5.403395e-01
5.399163e-01
