6.096505e-01
5.853092e-01
5.777835e-01
6.060575e-01
5.584836e-01
5.666338e-01
5.413340e-01
5.432546e-01
5.613863e-01
5.360740e-01
5.378193e-01
5.449583e-01
5.267530e-01
5.168576e-01
5.344098e-01
5.329288e-01
5.326158e-01
5.222294e-01
5.698164e-01
5.381142e-01
5.236341e-01
5.219418e-01
5.308565e-01
5.479575e-01
5.514520e-01
5.275575e-01
5.281083e-01
5.273205e-01
5.416086e-01
5.179099e-01
5.588974e-01
5.338150e-01
5.275406e-01
5.456354e-01
5.277033e-01
5.576356e-01
5.207407e-01
5.531184e-01
5.551508e-01
5.451265e-01
5.517263e-01
5.378396e-01
5.392954e-01
5.285201e-01
5.374990e-01
5.277169e-01
5.357158e-01
5.311787e-01
5.250478e-01
5.124841e-01
