9.063559e-01
7.220242e-01
7.261347e-01
7.068492e-01
7.081023e-01
7.081023e-01
7.081023e-01
7.072885e-01
7.066649e-01
7.077760e-01
7.077760e-01
6.516058e-01
6.516058e-01
6.516058e-01
6.516058e-01
8.083338e-01
8.083338e-01
8.080074e-01
7.906702e-01
7.906702e-01
7.906702e-01
7.906702e-01
7.906702e-01
7.906702e-01
7.906702e-01
7.906702e-01
7.906702e-01
7.906702e-01
7.906702e-01
7.906702e-01
7.906702e-01
7.906702e-01
7.906702e-01
7.906702e-01
7.906702e-01
7.906702e-01
7.906702e-01
7.906702e-01
7.906702e-01
7.906702e-01
7.759935e-01
7.759935e-01
7.759935e-01
7.767246e-01
7.767246e-01
7.767246e-01
7.767246e-01
7.767246e-01
7.767246e-01
6.748938e-01
6.748938e-01
7.579266e-01
7.680554e-01
7.680554e-01
7.673573e-01
7.597521e-01
7.585734e-01
7.585734e-01
7.585734e-01
7.585734e-01
7.585734e-01
7.668767e-01
7.668767e-01
7.668767e-01
7.668767e-01
7.668767e-01
7.591077e-01
7.591077e-01
7.591077e-01
7.591077e-01
7.591077e-01
7.591077e-01
7.591077e-01
7.591077e-01
7.590713e-01
7.590713e-01
7.660811e-01
7.660811e-01
7.660811e-01
7.660811e-01
7.660811e-01
7.660811e-01
7.660811e-01
7.660811e-01
7.660811e-01
7.660811e-01
7.660811e-01
7.660811e-01
7.660811e-01
7.660811e-01
7.660811e-01
7.660811e-01
7.660811e-01
7.660811e-01
7.660811e-01
7.660811e-01
7.536587e-01
7.536587e-01
7.536587e-01
7.536587e-01
