4.891655e-01
4.648383e-01
4.071313e-01
3.514077e-01
3.514077e-01
3.497559e-01
3.399765e-01
3.347161e-01
3.259642e-01
3.099739e-01
3.044852e-01
3.044852e-01
2.962707e-01
2.981737e-01
2.492809e-01
2.489195e-01
2.457785e-01
2.457785e-01
2.342702e-01
2.119442e-01
2.026317e-01
2.025571e-01
1.884288e-01
1.784668e-01
1.784668e-01
1.729473e-01
1.729473e-01
1.594795e-01
1.594795e-01
1.594795e-01
1.594795e-01
1.594795e-01
1.594795e-01
1.594795e-01
1.594795e-01
1.594795e-01
1.594795e-01
1.594795e-01
1.546424e-01
1.476740e-01
1.503414e-01
1.395273e-01
1.416833e-01
1.416833e-01
1.416833e-01
1.416833e-01
1.416833e-01
1.416833e-01
1.416833e-01
1.416833e-01
1.416833e-01
1.416833e-01
1.416833e-01
1.416833e-01
1.416833e-01
1.416833e-01
1.416833e-01
1.408488e-01
1.408488e-01
1.408488e-01
1.422269e-01
1.397273e-01
1.373051e-01
1.373051e-01
1.373051e-01
1.373051e-01
1.372464e-01
1.358863e-01
1.340893e-01
1.340893e-01
1.340893e-01
1.340893e-01
1.340893e-01
1.340893e-01
1.340893e-01
1.421152e-01
1.421152e-01
1.421152e-01
1.421152e-01
1.394274e-01
1.375335e-01
1.375335e-01
1.375335e-01
1.375335e-01
1.375335e-01
1.375335e-01
1.360094e-01
1.360094e-01
1.360094e-01
1.360094e-01
1.360094e-01
1.360094e-01
1.353092e-01
1.263492e-01
1.296720e-01
1.296720e-01
1.296720e-01
1.284364e-01
1.276475e-01
1.276475e-01
