4.956471e-01
4.533137e-01
4.382668e-01
2.827135e-01
2.640492e-01
2.514679e-01
2.609970e-01
2.853896e-01
2.739090e-01
2.906432e-01
2.939703e-01
2.919066e-01
2.958795e-01
3.017468e-01
2.748946e-01
2.612291e-01
2.814886e-01
2.824308e-01
2.593885e-01
2.593885e-01
2.536006e-01
2.458827e-01
2.484759e-01
2.607014e-01
2.667727e-01
2.667727e-01
2.822324e-01
2.790389e-01
2.620084e-01
2.825786e-01
2.825786e-01
2.627992e-01
2.652019e-01
2.844551e-01
2.815623e-01
2.830196e-01
2.820982e-01
2.820982e-01
2.661881e-01
2.661881e-01
2.931890e-01
2.890500e-01
3.003351e-01
2.890166e-01
2.751114e-01
2.901331e-01
3.075609e-01
3.075609e-01
3.068460e-01
2.783180e-01
