4.362698e-01
3.897876e-01
3.691551e-01
3.612530e-01
3.173487e-01
3.059376e-01
2.727662e-01
2.447511e-01
2.331689e-01
2.248287e-01
2.171788e-01
2.158583e-01
2.158583e-01
2.120260e-01
1.961176e-01
1.902147e-01
1.902147e-01
1.619932e-01
1.511193e-01
1.511193e-01
1.435623e-01
1.500229e-01
1.500229e-01
1.500229e-01
1.500229e-01
1.498825e-01
1.473602e-01
1.422490e-01
1.395699e-01
1.395699e-01
1.395699e-01
1.395699e-01
1.395699e-01
1.395699e-01
1.395699e-01
1.395699e-01
1.395699e-01
1.395699e-01
1.395699e-01
1.361592e-01
1.361592e-01
1.361592e-01
1.268639e-01
1.268639e-01
1.246779e-01
1.228195e-01
1.228195e-01
1.228195e-01
1.228195e-01
1.228195e-01
1.131586e-01
1.131586e-01
1.131586e-01
1.131586e-01
1.130018e-01
1.130018e-01
1.130018e-01
1.130018e-01
1.130018e-01
1.130018e-01
1.130018e-01
1.130018e-01
1.130018e-01
1.130018e-01
1.130018e-01
1.130018e-01
1.130018e-01
1.139312e-01
1.139312e-01
1.139312e-01
1.126490e-01
1.126490e-01
1.126490e-01
1.126490e-01
1.126490e-01
1.126490e-01
1.126490e-01
1.126490e-01
1.126490e-01
1.126490e-01
1.093752e-01
1.093752e-01
1.093752e-01
1.093752e-01
1.093752e-01
1.089002e-01
1.089002e-01
1.089002e-01
1.089002e-01
1.187589e-01
1.187589e-01
1.181922e-01
1.181922e-01
1.219453e-01
1.219453e-01
1.219453e-01
1.228843e-01
1.271338e-01
1.266135e-01
1.266135e-01
