3.930059e-01
3.525749e-01
3.454492e-01
3.645364e-01
3.115143e-01
3.425626e-01
3.463313e-01
3.474663e-01
3.765015e-01
3.407788e-01
3.245485e-01
3.290468e-01
3.260491e-01
3.878546e-01
3.431855e-01
3.603575e-01
3.595475e-01
3.595475e-01
3.698534e-01
3.670943e-01
3.214025e-01
3.224887e-01
3.308600e-01
3.345648e-01
3.199841e-01
3.083399e-01
3.218724e-01
3.232104e-01
3.104861e-01
3.251704e-01
3.347180e-01
3.424996e-01
3.623111e-01
3.234340e-01
3.279595e-01
3.209546e-01
3.393725e-01
3.286068e-01
3.281974e-01
3.281974e-01
3.275595e-01
3.229326e-01
3.312099e-01
3.090094e-01
3.090094e-01
3.090094e-01
3.156888e-01
3.195232e-01
3.195232e-01
3.195232e-01
