5.366531e-01
4.515345e-01
4.022624e-01
3.174771e-01
3.147623e-01
3.023634e-01
2.648428e-01
2.390203e-01
2.343414e-01
2.328495e-01
2.115339e-01
2.191464e-01
2.191464e-01
2.171627e-01
2.050313e-01
2.099423e-01
2.079442e-01
2.079442e-01
1.989035e-01
1.998340e-01
2.037877e-01
1.955845e-01
1.877015e-01
1.834756e-01
1.774816e-01
1.686698e-01
1.686698e-01
1.686698e-01
1.637544e-01
1.637544e-01
1.637544e-01
1.637544e-01
1.637544e-01
1.637544e-01
1.637544e-01
1.572395e-01
1.554275e-01
1.554275e-01
1.554275e-01
1.554275e-01
1.554275e-01
1.554275e-01
1.499370e-01
1.499370e-01
1.483302e-01
1.476931e-01
1.476931e-01
1.476931e-01
1.476931e-01
1.476931e-01
1.476931e-01
1.476931e-01
1.448408e-01
1.448408e-01
1.469992e-01
1.469992e-01
1.469992e-01
1.491894e-01
1.356925e-01
1.437685e-01
1.437685e-01
1.403940e-01
1.403940e-01
1.403940e-01
1.403940e-01
1.403940e-01
1.403940e-01
1.403940e-01
1.403940e-01
1.403940e-01
1.425846e-01
1.419901e-01
1.408261e-01
1.408261e-01
1.408261e-01
1.266994e-01
1.315662e-01
1.315662e-01
1.357161e-01
1.372972e-01
1.372972e-01
1.372972e-01
1.372972e-01
1.372972e-01
1.362951e-01
1.362951e-01
1.362951e-01
1.324147e-01
1.324147e-01
1.313612e-01
1.313612e-01
1.299084e-01
1.299084e-01
1.260466e-01
1.263182e-01
1.263182e-01
1.263182e-01
1.284915e-01
1.284915e-01
1.284915e-01
