5.368055e-01
4.835583e-01
4.126501e-01
3.849807e-01
3.583277e-01
2.915805e-01
2.965935e-01
3.336649e-01
2.864907e-01
2.883473e-01
3.168785e-01
3.047516e-01
2.579375e-01
2.627274e-01
3.240697e-01
3.282926e-01
3.266577e-01
3.266577e-01
3.458261e-01
3.323056e-01
3.340686e-01
3.326145e-01
3.197647e-01
3.139689e-01
3.148848e-01
3.500395e-01
3.201542e-01
3.199007e-01
3.036063e-01
3.184587e-01
3.120455e-01
2.950974e-01
2.981277e-01
3.054063e-01
3.146936e-01
3.146936e-01
3.124557e-01
2.742113e-01
2.754105e-01
2.893364e-01
2.954981e-01
3.104195e-01
3.095330e-01
3.095330e-01
3.090284e-01
2.897077e-01
3.003166e-01
3.081561e-01
2.866444e-01
2.945072e-01
