6.929235e-01
6.070949e-01
5.876503e-01
5.944508e-01
5.530527e-01
5.993242e-01
5.962044e-01
5.815209e-01
5.577977e-01
5.782220e-01
5.802844e-01
6.183014e-01
6.026722e-01
5.895757e-01
5.804360e-01
6.525311e-01
5.871277e-01
6.040301e-01
5.646437e-01
5.703531e-01
5.710357e-01
5.676301e-01
5.571918e-01
5.540849e-01
5.691861e-01
5.659658e-01
5.567387e-01
5.598633e-01
5.651431e-01
6.670586e-01
5.989978e-01
5.691775e-01
6.134146e-01
5.713379e-01
5.624069e-01
5.621690e-01
5.500496e-01
5.549976e-01
5.958209e-01
6.474197e-01
5.772468e-01
5.658649e-01
5.699990e-01
5.568911e-01
5.642861e-01
5.585137e-01
5.725120e-01
5.626860e-01
5.556391e-01
5.777519e-01
