7.140425e-01
7.140425e-01
7.057848e-01
7.057848e-01
6.969837e-01
6.969837e-01
6.845998e-01
6.845998e-01
7.245847e-01
6.926762e-01
6.926762e-01
6.926762e-01
6.926762e-01
6.926762e-01
6.919514e-01
6.902654e-01
6.902654e-01
6.902654e-01
6.902654e-01
6.857113e-01
6.869615e-01
6.869615e-01
6.869615e-01
6.869615e-01
7.345300e-01
7.345300e-01
7.166617e-01
7.166617e-01
7.166617e-01
7.105683e-01
7.105683e-01
7.194285e-01
7.194285e-01
7.108680e-01
7.108680e-01
7.108680e-01
7.108680e-01
7.108680e-01
7.108680e-01
7.125540e-01
7.125540e-01
7.125540e-01
7.125540e-01
7.125540e-01
7.125540e-01
7.168929e-01
7.168929e-01
7.168929e-01
7.168929e-01
7.168929e-01
7.168929e-01
7.168929e-01
7.168929e-01
7.168929e-01
7.168929e-01
7.168929e-01
7.354727e-01
7.358172e-01
7.290638e-01
7.290638e-01
7.290638e-01
7.341626e-01
7.353586e-01
7.353586e-01
7.287461e-01
7.287461e-01
7.287461e-01
7.287461e-01
7.287461e-01
7.287461e-01
7.287461e-01
7.287461e-01
7.287461e-01
7.554534e-01
7.554534e-01
7.554534e-01
7.554534e-01
7.554534e-01
7.554534e-01
7.554534e-01
7.554534e-01
7.554534e-01
7.623266e-01
7.623266e-01
7.623266e-01
7.623266e-01
7.615819e-01
7.615819e-01
7.615819e-01
7.615819e-01
7.615819e-01
7.615819e-01
7.615819e-01
7.615819e-01
7.615819e-01
7.615819e-01
7.615819e-01
7.615819e-01
7.615819e-01
7.615819e-01
