6.902979e-01
6.591894e-01
5.878721e-01
6.287675e-01
5.666669e-01
5.771230e-01
5.268128e-01
5.917849e-01
5.897134e-01
5.315613e-01
5.634559e-01
5.572390e-01
5.413654e-01
5.598583e-01
6.386664e-01
5.532303e-01
5.502713e-01
5.812975e-01
5.595916e-01
5.848092e-01
6.323435e-01
6.134107e-01
6.172000e-01
6.253910e-01
5.974528e-01
5.436542e-01
5.933182e-01
5.390727e-01
5.483000e-01
6.055653e-01
5.760279e-01
5.667062e-01
5.627868e-01
5.954624e-01
5.637493e-01
5.276449e-01
5.386592e-01
5.438257e-01
5.438257e-01
5.521374e-01
5.633857e-01
6.322397e-01
5.328561e-01
5.686623e-01
5.686623e-01
5.686679e-01
5.458941e-01
5.513772e-01
5.514949e-01
6.511972e-01
