6.728440e-01
7.401725e-01
7.441364e-01
8.616334e-01
8.616334e-01
8.627147e-01
8.437269e-01
8.328702e-01
8.324675e-01
8.379612e-01
7.525931e-01
7.525931e-01
7.398268e-01
7.398268e-01
7.398268e-01
7.398268e-01
6.896178e-01
6.896178e-01
6.896178e-01
6.896178e-01
6.896178e-01
6.936137e-01
7.234569e-01
7.234569e-01
7.234569e-01
7.271565e-01
7.271565e-01
7.486676e-01
7.486676e-01
7.486676e-01
7.486676e-01
7.486676e-01
7.486676e-01
7.486676e-01
7.486676e-01
7.486676e-01
7.486676e-01
7.486676e-01
7.486676e-01
7.486676e-01
7.486676e-01
7.486676e-01
7.486676e-01
7.686539e-01
7.686539e-01
7.686539e-01
7.686539e-01
7.686539e-01
7.686539e-01
7.686539e-01
7.686539e-01
7.686539e-01
7.689985e-01
7.689985e-01
7.652989e-01
7.650556e-01
7.650556e-01
7.650556e-01
7.650556e-01
7.650556e-01
7.650556e-01
7.650556e-01
7.650556e-01
7.650556e-01
7.650556e-01
7.650556e-01
7.650556e-01
7.650556e-01
7.650556e-01
7.650556e-01
7.650556e-01
7.650556e-01
7.650556e-01
7.650556e-01
7.650556e-01
7.650556e-01
7.650556e-01
7.650556e-01
7.650556e-01
7.650556e-01
7.650556e-01
7.650556e-01
7.650556e-01
7.658227e-01
7.658227e-01
7.658227e-01
7.658227e-01
7.658227e-01
7.658227e-01
7.658227e-01
7.658227e-01
7.658227e-01
7.658227e-01
7.658227e-01
7.658227e-01
7.658227e-01
7.658227e-01
7.658227e-01
7.641899e-01
7.641899e-01
