4.779289e-01
5.491093e-01
5.319543e-01
4.714127e-01
4.299762e-01
4.072282e-01
3.722649e-01
3.993180e-01
3.284201e-01
3.235454e-01
3.301386e-01
3.107204e-01
3.147295e-01
3.130495e-01
2.910241e-01
2.910241e-01
2.839124e-01
3.069459e-01
2.861239e-01
2.998922e-01
2.446737e-01
2.430025e-01
2.693868e-01
2.581386e-01
2.582635e-01
2.592186e-01
2.555786e-01
2.584834e-01
2.731810e-01
2.656011e-01
2.600418e-01
2.533792e-01
2.500352e-01
2.594119e-01
2.341903e-01
2.671225e-01
2.483814e-01
2.466373e-01
2.597911e-01
2.593550e-01
2.593550e-01
2.593550e-01
2.495864e-01
2.474670e-01
2.426861e-01
2.784354e-01
2.806349e-01
2.523579e-01
2.579567e-01
2.677841e-01
