5.082112e-01
4.534369e-01
4.225085e-01
4.081641e-01
3.979832e-01
3.566721e-01
3.326275e-01
3.326275e-01
3.157886e-01
3.133810e-01
2.850862e-01
2.820474e-01
2.817372e-01
2.817372e-01
2.817372e-01
2.819130e-01
2.809059e-01
2.657665e-01
2.597735e-01
2.625215e-01
2.407343e-01
2.365701e-01
2.295729e-01
2.284549e-01
2.250894e-01
2.236535e-01
2.236535e-01
2.098433e-01
2.105555e-01
2.105555e-01
2.083324e-01
2.083324e-01
1.991734e-01
1.978429e-01
1.933379e-01
1.861631e-01
1.817191e-01
1.817191e-01
1.817191e-01
1.817191e-01
1.814903e-01
1.895703e-01
1.895703e-01
1.886295e-01
1.886295e-01
1.811705e-01
1.811705e-01
1.788009e-01
1.788009e-01
1.788009e-01
1.788009e-01
1.788009e-01
1.761392e-01
1.756804e-01
1.655852e-01
1.655852e-01
1.655852e-01
1.655852e-01
1.655852e-01
1.649018e-01
1.686336e-01
1.686336e-01
1.686336e-01
1.686336e-01
1.608846e-01
1.608846e-01
1.608101e-01
1.608101e-01
1.608101e-01
1.577812e-01
1.577812e-01
1.577812e-01
1.577812e-01
1.577812e-01
1.577812e-01
1.577812e-01
1.577812e-01
1.566489e-01
1.511439e-01
1.511439e-01
1.511439e-01
1.511439e-01
1.511439e-01
1.511439e-01
1.511439e-01
1.511439e-01
1.511439e-01
1.511439e-01
1.535128e-01
1.535128e-01
1.535128e-01
1.535128e-01
1.535128e-01
1.535128e-01
1.535128e-01
1.535128e-01
1.535128e-01
1.535128e-01
1.530481e-01
1.530481e-01
