7.400931e-01
6.154683e-01
7.318023e-01
7.652070e-01
7.625383e-01
7.625383e-01
7.625383e-01
7.497393e-01
7.497393e-01
7.497393e-01
7.497393e-01
7.497393e-01
7.387745e-01
7.387745e-01
7.387745e-01
7.387745e-01
7.387745e-01
7.387745e-01
7.387745e-01
7.387745e-01
7.387745e-01
7.387745e-01
7.387745e-01
7.387745e-01
7.387745e-01
7.387745e-01
7.514980e-01
7.514980e-01
7.514980e-01
7.514980e-01
7.514980e-01
7.514980e-01
7.514980e-01
7.482753e-01
7.472952e-01
7.472952e-01
6.851053e-01
6.851053e-01
6.851053e-01
6.838389e-01
6.838389e-01
6.838389e-01
6.838389e-01
6.838389e-01
6.838389e-01
6.838389e-01
6.838389e-01
6.838389e-01
7.109276e-01
7.109276e-01
7.109276e-01
7.109276e-01
7.154764e-01
7.154764e-01
7.154764e-01
7.154764e-01
7.154764e-01
7.154764e-01
7.154764e-01
7.154764e-01
7.169646e-01
7.169646e-01
7.147799e-01
7.041312e-01
7.041312e-01
7.041312e-01
7.041312e-01
7.041312e-01
7.041312e-01
7.041312e-01
7.041312e-01
7.041312e-01
7.041312e-01
7.041312e-01
7.041312e-01
7.041312e-01
7.041312e-01
7.041312e-01
7.041312e-01
7.041312e-01
7.041312e-01
7.041312e-01
7.041312e-01
7.041312e-01
7.041312e-01
7.041312e-01
7.041312e-01
7.041312e-01
7.041312e-01
7.041312e-01
7.041312e-01
7.041312e-01
7.041312e-01
7.041312e-01
7.041312e-01
7.041312e-01
7.041312e-01
8.096735e-01
8.096735e-01
8.096735e-01
