6.526876e-01
6.149567e-01
6.687960e-01
6.596076e-01
5.710175e-01
6.559145e-01
6.604834e-01
6.561775e-01
6.330451e-01
5.907586e-01
5.732485e-01
5.913936e-01
5.640116e-01
5.780127e-01
5.850013e-01
5.686056e-01
5.488246e-01
5.376369e-01
5.404170e-01
5.464673e-01
5.608110e-01
5.377726e-01
5.864695e-01
5.495943e-01
5.548954e-01
5.497733e-01
5.380807e-01
5.581765e-01
5.435821e-01
5.512341e-01
5.202999e-01
5.330774e-01
5.664134e-01
5.857165e-01
5.732699e-01
5.675210e-01
5.637395e-01
5.449714e-01
6.229859e-01
5.534643e-01
5.508097e-01
5.443652e-01
5.266510e-01
5.317255e-01
5.242783e-01
5.230042e-01
5.224949e-01
5.173556e-01
5.341361e-01
5.434649e-01
