6.619756e-01
6.543063e-01
6.194112e-01
6.192818e-01
6.296199e-01
6.261675e-01
5.868214e-01
5.492387e-01
5.586815e-01
5.475911e-01
5.348058e-01
5.413722e-01
6.402241e-01
5.355170e-01
5.179191e-01
5.302832e-01
5.248305e-01
5.372504e-01
5.445747e-01
5.676589e-01
5.420336e-01
5.512016e-01
5.372538e-01
5.369194e-01
5.330626e-01
6.248238e-01
6.109044e-01
5.836545e-01
5.391271e-01
5.499706e-01
5.707081e-01
5.747015e-01
5.453617e-01
5.416109e-01
5.652534e-01
5.307801e-01
5.356948e-01
5.724121e-01
5.278266e-01
5.379661e-01
5.338935e-01
5.338637e-01
5.363566e-01
5.584128e-01
6.167017e-01
5.467679e-01
5.523194e-01
5.932013e-01
5.523194e-01
7.400687e-01
