9.260281e-01
9.133106e-01
6.548230e-01
6.156494e-01
6.156494e-01
6.149246e-01
5.919721e-01
5.944919e-01
5.944919e-01
5.944919e-01
6.044595e-01
6.044595e-01
6.082465e-01
5.921894e-01
5.915356e-01
5.915356e-01
6.032001e-01
6.101412e-01
6.217016e-01
6.217016e-01
6.217016e-01
6.217016e-01
6.283505e-01
6.283505e-01
6.283505e-01
6.283505e-01
6.283505e-01
6.283705e-01
6.295094e-01
6.295094e-01
6.389369e-01
6.389369e-01
6.389369e-01
6.389369e-01
6.389369e-01
6.389369e-01
6.368764e-01
6.368764e-01
6.368764e-01
6.369125e-01
6.369125e-01
6.369125e-01
6.375185e-01
6.375185e-01
6.375185e-01
6.375185e-01
6.375185e-01
6.375185e-01
6.375185e-01
6.375185e-01
6.375185e-01
6.669980e-01
6.669980e-01
6.669980e-01
6.669980e-01
6.669980e-01
6.669980e-01
6.669980e-01
6.669980e-01
6.669980e-01
6.669980e-01
6.673960e-01
6.673960e-01
6.673960e-01
6.673960e-01
6.629007e-01
6.696682e-01
6.696682e-01
6.696682e-01
6.646538e-01
6.646538e-01
6.646538e-01
6.646538e-01
6.646538e-01
6.646538e-01
6.646538e-01
6.646538e-01
6.646538e-01
6.646538e-01
6.646538e-01
6.646538e-01
6.646538e-01
6.646538e-01
6.646538e-01
6.517065e-01
8.189698e-01
8.189698e-01
8.189698e-01
8.189698e-01
8.189698e-01
8.189698e-01
8.189698e-01
8.189698e-01
8.189698e-01
8.189698e-01
8.189698e-01
8.231303e-01
8.231303e-01
8.231303e-01
8.231303e-01
