5.983887e-01
6.151637e-01
5.723529e-01
5.862605e-01
5.743326e-01
5.693708e-01
5.688566e-01
5.784907e-01
5.399461e-01
5.572876e-01
5.590786e-01
5.668121e-01
5.641009e-01
6.094601e-01
6.463238e-01
5.604911e-01
5.450364e-01
5.449481e-01
5.604396e-01
5.364011e-01
5.627017e-01
5.635543e-01
5.567385e-01
5.774540e-01
5.690578e-01
5.509596e-01
5.496865e-01
5.928509e-01
5.900183e-01
5.565844e-01
5.661275e-01
6.184989e-01
5.568443e-01
5.578567e-01
5.838645e-01
5.521635e-01
6.476838e-01
6.003699e-01
5.431286e-01
5.610815e-01
5.984262e-01
7.181608e-01
7.069143e-01
5.826512e-01
5.746172e-01
5.669023e-01
7.403756e-01
5.816459e-01
5.652542e-01
5.940109e-01
