7.133516e-01
6.971859e-01
6.994888e-01
7.074499e-01
6.926676e-01
7.322569e-01
7.285769e-01
6.962985e-01
7.427871e-01
7.427871e-01
7.426073e-01
7.574627e-01
7.382291e-01
7.382291e-01
7.313029e-01
7.313029e-01
7.274795e-01
7.274795e-01
7.017614e-01
7.017929e-01
7.115663e-01
7.721536e-01
7.592578e-01
1.002272e+00
7.645556e-01
7.645556e-01
7.645556e-01
7.645556e-01
8.516750e-01
8.516750e-01
8.497668e-01
8.476634e-01
8.476634e-01
8.476634e-01
8.476634e-01
8.476634e-01
8.476634e-01
8.476634e-01
8.476634e-01
8.476634e-01
8.476634e-01
8.476634e-01
8.476634e-01
8.476634e-01
8.476634e-01
8.476634e-01
8.361792e-01
8.361792e-01
8.361792e-01
8.361792e-01
8.361792e-01
8.361792e-01
8.042551e-01
8.042551e-01
8.042551e-01
8.042551e-01
8.042551e-01
8.042551e-01
8.042551e-01
8.042551e-01
8.042551e-01
8.042551e-01
8.042551e-01
8.042551e-01
8.042551e-01
8.042551e-01
8.042551e-01
8.042551e-01
7.550394e-01
7.550394e-01
7.550394e-01
7.550394e-01
7.550394e-01
7.550394e-01
7.550394e-01
7.550394e-01
7.550394e-01
7.531323e-01
7.598910e-01
7.598910e-01
7.598910e-01
7.598910e-01
7.598910e-01
7.598910e-01
8.078889e-01
8.078889e-01
8.078889e-01
8.155114e-01
8.155114e-01
8.155114e-01
8.155114e-01
8.155114e-01
8.155114e-01
8.155114e-01
8.155114e-01
8.155114e-01
8.155114e-01
8.155114e-01
8.155114e-01
8.155114e-01
