4.767971e-01
5.683811e-01
4.772383e-01
4.685699e-01
4.579799e-01
5.003396e-01
4.434637e-01
4.651383e-01
4.548161e-01
4.452520e-01
4.121964e-01
3.693205e-01
3.717080e-01
4.113858e-01
4.408596e-01
3.594646e-01
3.165644e-01
3.349912e-01
3.371771e-01
3.246661e-01
3.053256e-01
2.935383e-01
2.651146e-01
2.478158e-01
2.662244e-01
2.998325e-01
2.805910e-01
2.771469e-01
3.106852e-01
3.002544e-01
2.856471e-01
2.967225e-01
2.732264e-01
2.732264e-01
3.002262e-01
3.002262e-01
2.708194e-01
2.701902e-01
2.761633e-01
2.808083e-01
2.796050e-01
2.714114e-01
2.742622e-01
2.600369e-01
2.629446e-01
2.489799e-01
2.455433e-01
2.378167e-01
2.376448e-01
2.431951e-01
