4.782302e-01
3.890541e-01
3.309591e-01
3.309591e-01
3.119713e-01
3.055915e-01
2.953261e-01
2.866979e-01
2.766249e-01
2.759625e-01
2.759625e-01
2.509391e-01
2.509391e-01
2.509391e-01
2.387965e-01
2.419647e-01
2.323562e-01
2.257731e-01
2.245274e-01
2.208954e-01
2.167942e-01
2.051522e-01
1.940898e-01
1.935198e-01
1.935198e-01
1.876525e-01
1.839399e-01
1.839399e-01
1.774591e-01
1.774591e-01
1.774591e-01
1.605408e-01
1.605408e-01
1.725939e-01
1.725939e-01
1.725939e-01
1.725939e-01
1.700892e-01
1.635110e-01
1.635110e-01
1.635110e-01
1.635110e-01
1.599204e-01
1.599204e-01
1.619032e-01
1.619032e-01
1.463409e-01
1.463409e-01
1.463409e-01
1.463409e-01
1.470414e-01
1.463593e-01
1.463593e-01
1.463593e-01
1.463593e-01
1.463593e-01
1.463593e-01
1.463593e-01
1.463593e-01
1.438810e-01
1.438810e-01
1.438810e-01
1.438810e-01
1.458391e-01
1.456582e-01
1.456582e-01
1.456582e-01
1.456582e-01
1.438675e-01
1.438675e-01
1.438675e-01
1.438675e-01
1.368880e-01
1.357017e-01
1.317245e-01
1.318038e-01
1.301277e-01
1.301277e-01
1.254951e-01
1.254951e-01
1.245418e-01
1.245418e-01
1.245418e-01
1.245418e-01
1.245418e-01
1.245418e-01
1.245418e-01
1.245418e-01
1.245418e-01
1.245418e-01
1.266389e-01
1.266389e-01
1.266389e-01
1.266389e-01
1.266389e-01
1.266389e-01
1.266389e-01
1.266389e-01
1.266389e-01
1.275220e-01
