7.355446e-01
6.579544e-01
8.240757e-01
6.212377e-01
6.072018e-01
6.136164e-01
5.909153e-01
5.945608e-01
5.889646e-01
6.121477e-01
5.624415e-01
5.887620e-01
5.598915e-01
5.662317e-01
5.784259e-01
6.304777e-01
5.595412e-01
5.455355e-01
5.441441e-01
5.519414e-01
6.061175e-01
5.479431e-01
5.573646e-01
5.582543e-01
5.592049e-01
5.769505e-01
5.665183e-01
5.806230e-01
5.435223e-01
5.727793e-01
5.797922e-01
5.634965e-01
5.725928e-01
5.467764e-01
5.467764e-01
5.384514e-01
5.330109e-01
5.440370e-01
5.403877e-01
5.871404e-01
5.860627e-01
5.285648e-01
5.305950e-01
5.239249e-01
5.207232e-01
5.659699e-01
5.387170e-01
5.210831e-01
5.454977e-01
5.569888e-01
