8.338273e-01
8.338273e-01
7.859181e-01
7.690052e-01
7.594412e-01
7.655194e-01
7.655194e-01
7.638088e-01
7.638088e-01
7.703520e-01
7.701013e-01
7.837623e-01
7.837623e-01
7.820021e-01
7.820021e-01
7.820021e-01
7.820021e-01
7.777730e-01
7.782651e-01
8.051625e-01
9.270105e-01
9.260816e-01
9.260816e-01
9.048477e-01
9.048477e-01
9.181994e-01
9.304262e-01
9.151412e-01
9.151412e-01
9.151412e-01
9.151412e-01
9.151412e-01
9.151412e-01
9.771101e-01
8.681008e-01
8.681008e-01
8.681008e-01
8.640137e-01
8.640137e-01
8.687915e-01
8.687915e-01
8.692182e-01
8.686198e-01
8.686198e-01
8.686198e-01
8.686198e-01
8.686198e-01
8.686198e-01
8.686198e-01
8.686198e-01
8.686198e-01
8.686198e-01
8.690201e-01
8.690201e-01
8.682778e-01
8.682778e-01
8.682778e-01
8.682778e-01
8.682778e-01
8.682778e-01
8.682778e-01
8.682778e-01
8.682778e-01
8.682778e-01
8.682778e-01
8.666919e-01
8.666919e-01
8.666919e-01
8.666919e-01
9.822841e-01
9.893654e-01
9.928693e-01
9.928693e-01
9.928693e-01
9.928693e-01
9.928693e-01
9.928693e-01
9.928693e-01
9.930592e-01
9.930592e-01
9.930592e-01
9.930592e-01
9.930592e-01
9.930592e-01
9.930592e-01
9.930592e-01
9.930592e-01
8.063513e-01
8.063513e-01
8.063513e-01
8.063513e-01
8.063513e-01
8.063513e-01
8.063513e-01
8.063513e-01
8.063513e-01
8.063513e-01
8.063513e-01
8.063513e-01
8.063513e-01
