7.585857e-01
6.210754e-01
5.965158e-01
6.644908e-01
5.778782e-01
5.488381e-01
5.453239e-01
5.480653e-01
5.494228e-01
5.670483e-01
5.535037e-01
5.647733e-01
5.471788e-01
5.671843e-01
5.405499e-01
5.366983e-01
5.284258e-01
5.277322e-01
7.397661e-01
5.623286e-01
5.498682e-01
5.447603e-01
5.341782e-01
5.515036e-01
5.515036e-01
5.383636e-01
5.417103e-01
5.286756e-01
5.298178e-01
5.207243e-01
5.793759e-01
5.659807e-01
5.571768e-01
5.307487e-01
5.440599e-01
5.226018e-01
5.264556e-01
5.372715e-01
5.361867e-01
5.323558e-01
5.294721e-01
5.585932e-01
5.282207e-01
5.259329e-01
5.987040e-01
6.002008e-01
5.309448e-01
5.222172e-01
5.218809e-01
5.233238e-01
