1.017069e+00
7.578456e-01
7.627165e-01
7.715542e-01
7.669079e-01
7.656821e-01
7.656821e-01
7.666158e-01
7.661807e-01
7.661807e-01
7.661807e-01
7.871295e-01
6.604672e-01
6.604672e-01
6.604672e-01
7.245416e-01
6.916847e-01
6.916847e-01
6.916847e-01
6.916847e-01
6.916847e-01
6.841101e-01
6.839020e-01
6.822357e-01
6.822357e-01
6.822357e-01
6.732233e-01
6.556773e-01
6.556773e-01
6.741639e-01
6.838770e-01
6.897547e-01
6.896436e-01
6.896436e-01
6.896436e-01
6.896436e-01
7.003276e-01
7.003276e-01
7.003276e-01
7.003276e-01
7.003276e-01
7.003276e-01
7.003276e-01
7.003276e-01
7.003276e-01
7.003276e-01
7.207643e-01
7.207643e-01
7.207643e-01
7.207643e-01
7.207643e-01
7.200339e-01
7.200339e-01
7.200339e-01
7.200339e-01
7.200339e-01
7.200339e-01
7.200339e-01
7.200339e-01
7.200339e-01
7.200339e-01
7.200339e-01
7.195666e-01
7.195666e-01
7.195666e-01
7.200339e-01
7.200339e-01
7.200339e-01
7.200339e-01
7.200339e-01
7.200339e-01
7.200339e-01
7.200339e-01
7.200339e-01
7.200339e-01
7.200339e-01
7.200339e-01
7.200339e-01
7.200339e-01
7.200339e-01
7.200339e-01
7.062942e-01
7.062942e-01
7.062942e-01
7.062942e-01
7.062942e-01
7.062942e-01
7.062942e-01
7.062942e-01
7.062942e-01
7.062942e-01
7.062942e-01
7.062942e-01
7.062942e-01
7.062942e-01
7.062942e-01
7.062942e-01
7.062942e-01
7.062942e-01
7.062942e-01
