4.662579e-01
3.590294e-01
3.419392e-01
3.112942e-01
3.079582e-01
2.943750e-01
2.576765e-01
2.588148e-01
2.580586e-01
2.580586e-01
2.475516e-01
2.231021e-01
2.179653e-01
2.156343e-01
2.156343e-01
2.021757e-01
1.990643e-01
1.803684e-01
1.787231e-01
1.766689e-01
1.766689e-01
1.755933e-01
1.755933e-01
1.755933e-01
1.757433e-01
1.757433e-01
1.757433e-01
1.757433e-01
1.613662e-01
1.613662e-01
1.613662e-01
1.609032e-01
1.593142e-01
1.513532e-01
1.513532e-01
1.618082e-01
1.578141e-01
1.521534e-01
1.519678e-01
1.519678e-01
1.519678e-01
1.521534e-01
1.521534e-01
1.521534e-01
1.468300e-01
1.496844e-01
1.459506e-01
1.459506e-01
1.446290e-01
1.461305e-01
1.487530e-01
1.487530e-01
1.483166e-01
1.492316e-01
1.454249e-01
1.454249e-01
1.454249e-01
1.445818e-01
1.438349e-01
1.438349e-01
1.438349e-01
1.438349e-01
1.421375e-01
1.421375e-01
1.421375e-01
1.421375e-01
1.421375e-01
1.421375e-01
1.421375e-01
1.421375e-01
1.421375e-01
1.421375e-01
1.421375e-01
1.421375e-01
1.421375e-01
1.456213e-01
1.456213e-01
1.456213e-01
1.456213e-01
1.456213e-01
1.456213e-01
1.456213e-01
1.456213e-01
1.438974e-01
1.438974e-01
1.438974e-01
1.438974e-01
1.438974e-01
1.438974e-01
1.438974e-01
1.399097e-01
1.440835e-01
1.443211e-01
1.443211e-01
1.443211e-01
1.443211e-01
1.443211e-01
1.443211e-01
1.443211e-01
1.431037e-01
