4.120837e-01
3.714282e-01
2.686983e-01
2.569281e-01
2.573710e-01
2.650868e-01
3.213117e-01
3.081401e-01
2.694409e-01
2.887056e-01
2.831495e-01
2.843034e-01
3.023758e-01
2.831725e-01
2.948173e-01
2.931142e-01
2.914192e-01
2.965465e-01
2.953789e-01
2.950550e-01
2.911796e-01
2.971244e-01
3.090845e-01
2.813120e-01
3.289517e-01
3.248730e-01
3.010649e-01
3.005065e-01
3.041889e-01
2.650885e-01
2.697949e-01
2.606109e-01
2.676979e-01
2.623376e-01
2.771060e-01
2.787457e-01
2.867576e-01
2.751138e-01
2.835931e-01
2.909968e-01
2.850535e-01
2.850535e-01
2.850535e-01
3.110228e-01
2.944185e-01
2.944185e-01
2.944185e-01
2.548934e-01
2.780791e-01
2.780791e-01
