4.793465e-01
4.559228e-01
4.706292e-01
4.446582e-01
4.214395e-01
4.171089e-01
4.027345e-01
3.991418e-01
4.072103e-01
4.162314e-01
4.042789e-01
3.768325e-01
3.672515e-01
3.767731e-01
3.322771e-01
3.173042e-01
3.292060e-01
3.125967e-01
3.179587e-01
3.014867e-01
2.802244e-01
2.927746e-01
3.122115e-01
3.244974e-01
3.244309e-01
3.271157e-01
3.440122e-01
3.578432e-01
3.246566e-01
3.323338e-01
3.248565e-01
3.424331e-01
3.286866e-01
3.263499e-01
3.172466e-01
3.284969e-01
3.267317e-01
3.171827e-01
3.125406e-01
2.921316e-01
3.136383e-01
3.215067e-01
3.182428e-01
3.107154e-01
2.763548e-01
2.822669e-01
2.822669e-01
2.973654e-01
3.157729e-01
2.996982e-01
