5.152698e-01
4.778142e-01
4.665258e-01
3.840731e-01
3.493052e-01
3.196729e-01
3.009257e-01
2.802112e-01
2.823362e-01
2.226007e-01
2.096533e-01
2.157494e-01
2.023250e-01
1.964910e-01
1.977635e-01
1.977635e-01
1.977635e-01
1.972384e-01
1.972384e-01
1.984008e-01
1.921094e-01
1.891170e-01
1.865586e-01
1.784384e-01
1.748888e-01
1.727191e-01
1.727191e-01
1.708271e-01
1.708271e-01
1.680863e-01
1.680863e-01
1.680863e-01
1.680863e-01
1.684404e-01
1.684404e-01
1.663501e-01
1.663501e-01
1.663501e-01
1.663501e-01
1.674545e-01
1.674545e-01
1.636861e-01
1.567599e-01
1.543501e-01
1.543501e-01
1.543501e-01
1.543501e-01
1.543501e-01
1.543501e-01
1.543501e-01
1.543501e-01
1.543501e-01
1.543501e-01
1.543501e-01
1.542645e-01
1.568775e-01
1.568775e-01
1.568775e-01
1.568775e-01
1.568775e-01
1.568775e-01
1.568775e-01
1.572826e-01
1.572826e-01
1.572826e-01
1.508783e-01
1.508783e-01
1.536020e-01
1.536020e-01
1.536020e-01
1.425446e-01
1.425446e-01
1.488203e-01
1.488203e-01
1.488203e-01
1.488203e-01
1.488203e-01
1.488203e-01
1.488203e-01
1.488203e-01
1.488203e-01
1.438418e-01
1.442135e-01
1.442135e-01
1.442135e-01
1.442135e-01
1.442135e-01
1.442135e-01
1.442135e-01
1.442135e-01
1.442135e-01
1.425907e-01
1.425907e-01
1.425907e-01
1.425907e-01
1.425907e-01
1.425907e-01
1.425907e-01
1.425907e-01
1.425907e-01
