5.435141e-01
5.234685e-01
5.103981e-01
3.693329e-01
3.555726e-01
3.173660e-01
3.056821e-01
2.930076e-01
2.751262e-01
2.468056e-01
2.486535e-01
2.561055e-01
2.530794e-01
2.426870e-01
2.426870e-01
2.426870e-01
2.425855e-01
2.447596e-01
2.438302e-01
2.420421e-01
2.442892e-01
2.442892e-01
2.438848e-01
2.438848e-01
2.438848e-01
2.392368e-01
2.383074e-01
2.383074e-01
2.344581e-01
2.314195e-01
2.304901e-01
2.304901e-01
2.304901e-01
2.304901e-01
2.264645e-01
2.237076e-01
2.229871e-01
2.229871e-01
2.229871e-01
2.229871e-01
2.229871e-01
2.229871e-01
2.180411e-01
2.180411e-01
2.180411e-01
2.180411e-01
2.146516e-01
2.162262e-01
2.139405e-01
2.115725e-01
2.115725e-01
2.115725e-01
2.115725e-01
2.115725e-01
2.126861e-01
2.126861e-01
2.126861e-01
2.126861e-01
2.138400e-01
2.138400e-01
2.103204e-01
2.103204e-01
2.103204e-01
2.103204e-01
2.103204e-01
2.061907e-01
2.061907e-01
2.061907e-01
2.061907e-01
2.061907e-01
2.071734e-01
2.071734e-01
2.071734e-01
2.036263e-01
2.036263e-01
2.036263e-01
2.036263e-01
2.036263e-01
2.032074e-01
2.032074e-01
2.032074e-01
2.077649e-01
2.077649e-01
2.054282e-01
2.054282e-01
2.054282e-01
2.054282e-01
2.054282e-01
1.979472e-01
1.968041e-01
1.968041e-01
1.928494e-01
1.928494e-01
1.928494e-01
1.928494e-01
1.913060e-01
1.913060e-01
1.913060e-01
1.853608e-01
1.670457e-01
