5.013412e-01
4.253384e-01
4.258368e-01
4.847606e-01
4.847606e-01
4.847606e-01
5.170967e-01
3.996608e-01
3.892436e-01
3.809755e-01
3.198891e-01
3.355849e-01
2.827072e-01
2.714471e-01
2.767987e-01
3.410141e-01
3.755394e-01
3.601972e-01
3.019088e-01
2.890512e-01
3.483972e-01
3.313008e-01
3.637601e-01
3.687927e-01
3.869711e-01
3.607670e-01
3.516389e-01
3.648527e-01
3.645489e-01
3.543467e-01
3.830728e-01
3.853545e-01
3.537408e-01
3.514010e-01
3.509599e-01
3.831235e-01
3.539941e-01
3.040941e-01
3.524555e-01
3.448568e-01
3.408104e-01
3.149985e-01
3.149985e-01
3.103112e-01
3.019643e-01
2.923101e-01
3.044863e-01
3.061954e-01
2.916727e-01
2.739750e-01
