6.181088e-01
4.975941e-01
4.775468e-01
4.774318e-01
3.976026e-01
3.528653e-01
3.255372e-01
2.928820e-01
2.887583e-01
2.723165e-01
2.723165e-01
2.624527e-01
2.533812e-01
2.568062e-01
2.594591e-01
2.558593e-01
2.562432e-01
2.522805e-01
2.480786e-01
2.477448e-01
2.396973e-01
2.383019e-01
2.364166e-01
2.364166e-01
2.364166e-01
2.346332e-01
2.351292e-01
2.351292e-01
2.255000e-01
2.188951e-01
2.180748e-01
2.180748e-01
2.180748e-01
2.180748e-01
2.173582e-01
2.141937e-01
2.141937e-01
2.072362e-01
2.072362e-01
2.050764e-01
2.050764e-01
2.050764e-01
2.043688e-01
2.043688e-01
2.043688e-01
2.043688e-01
1.956688e-01
1.956688e-01
1.894779e-01
1.901747e-01
1.901747e-01
1.901747e-01
1.901747e-01
1.901747e-01
1.895998e-01
1.747597e-01
1.747597e-01
1.747597e-01
1.747597e-01
1.747597e-01
1.747597e-01
1.747597e-01
1.729976e-01
1.729976e-01
1.729976e-01
1.729976e-01
1.729976e-01
1.806262e-01
1.806262e-01
1.806262e-01
1.725942e-01
1.701742e-01
1.701742e-01
1.629966e-01
1.629966e-01
1.629966e-01
1.629966e-01
1.629966e-01
1.629966e-01
1.629966e-01
1.629966e-01
1.629966e-01
1.683166e-01
1.683166e-01
1.683166e-01
1.683166e-01
1.666633e-01
1.666633e-01
1.634386e-01
1.652496e-01
1.618299e-01
1.618299e-01
1.618299e-01
1.618299e-01
1.618299e-01
1.618299e-01
1.618299e-01
1.619944e-01
1.584824e-01
1.584824e-01
