5.975659e-01
5.244775e-01
5.318547e-01
5.065387e-01
4.677174e-01
4.271341e-01
4.471567e-01
4.653947e-01
4.762214e-01
4.513990e-01
3.895244e-01
4.377712e-01
3.718159e-01
3.701926e-01
4.312760e-01
3.401420e-01
4.024017e-01
3.502223e-01
3.484957e-01
3.493174e-01
3.493174e-01
3.389343e-01
3.846791e-01
3.228707e-01
3.294437e-01
3.084778e-01
3.371006e-01
3.332605e-01
3.209801e-01
3.063101e-01
2.855384e-01
2.844295e-01
2.755547e-01
2.901156e-01
2.829133e-01
2.759274e-01
2.568239e-01
2.716080e-01
3.225884e-01
2.865067e-01
2.783613e-01
2.667725e-01
2.879850e-01
2.968428e-01
3.213184e-01
3.022062e-01
2.831691e-01
2.891867e-01
2.939198e-01
2.901194e-01
