4.321792e-01
3.627068e-01
4.184188e-01
4.282216e-01
4.063054e-01
3.920860e-01
3.739194e-01
3.623500e-01
3.330526e-01
3.366419e-01
3.259000e-01
2.811714e-01
2.804568e-01
2.818816e-01
2.668044e-01
2.720919e-01
2.682504e-01
2.449387e-01
2.651248e-01
3.129167e-01
2.735575e-01
2.645856e-01
2.607089e-01
2.676547e-01
2.578997e-01
2.550980e-01
2.721210e-01
2.694003e-01
2.834334e-01
2.792309e-01
2.759971e-01
2.696779e-01
2.755545e-01
2.770364e-01
2.788468e-01
2.646174e-01
2.704872e-01
2.983157e-01
2.943543e-01
2.989882e-01
2.918943e-01
2.878140e-01
2.699184e-01
2.747988e-01
2.927740e-01
2.776116e-01
2.865599e-01
2.740992e-01
2.814773e-01
2.814773e-01
