5.206400e-01
4.697883e-01
4.187125e-01
3.860851e-01
3.445402e-01
3.294035e-01
3.042212e-01
2.948395e-01
2.948395e-01
2.936963e-01
2.663597e-01
2.622057e-01
2.613497e-01
2.613497e-01
2.601895e-01
2.565670e-01
2.530299e-01
2.527388e-01
2.508182e-01
2.508182e-01
2.499481e-01
2.503744e-01
2.378278e-01
2.378278e-01
2.336691e-01
2.336691e-01
2.311420e-01
2.329268e-01
2.275072e-01
2.275072e-01
2.275072e-01
2.288743e-01
2.288743e-01
2.262113e-01
2.262113e-01
2.262113e-01
2.262113e-01
2.271189e-01
2.268950e-01
2.268950e-01
2.280612e-01
2.280612e-01
2.239489e-01
2.228609e-01
2.216093e-01
2.216093e-01
2.216093e-01
2.171852e-01
2.171852e-01
2.171852e-01
2.171852e-01
2.171852e-01
2.171852e-01
2.171852e-01
2.167610e-01
2.167610e-01
2.167610e-01
2.167610e-01
2.167610e-01
2.167610e-01
2.167610e-01
2.167610e-01
2.167610e-01
2.167610e-01
2.167610e-01
2.189846e-01
2.189846e-01
2.190865e-01
2.190865e-01
2.190865e-01
2.190865e-01
2.183263e-01
2.187339e-01
2.175115e-01
2.172860e-01
2.172860e-01
2.172860e-01
2.172860e-01
2.172860e-01
2.172860e-01
2.172860e-01
2.172860e-01
2.172860e-01
2.172860e-01
2.184302e-01
2.184302e-01
2.069546e-01
2.037930e-01
2.037930e-01
2.037930e-01
2.004187e-01
2.032269e-01
2.023032e-01
1.758035e-01
1.714315e-01
1.714315e-01
1.714315e-01
1.714315e-01
1.714315e-01
1.736903e-01
