1.068885e+00
1.066075e+00
7.761612e-01
7.871209e-01
7.842970e-01
7.842970e-01
7.354375e-01
6.185704e-01
6.250078e-01
6.588029e-01
6.607695e-01
6.607695e-01
6.607695e-01
6.607695e-01
6.607695e-01
6.510421e-01
6.510421e-01
6.510421e-01
6.510421e-01
6.510421e-01
6.510421e-01
6.510421e-01
6.510421e-01
6.510421e-01
6.680643e-01
6.680643e-01
6.680643e-01
6.680643e-01
6.680643e-01
6.680643e-01
6.680643e-01
6.680643e-01
6.680643e-01
6.680643e-01
6.680643e-01
6.680643e-01
6.680643e-01
8.654654e-01
8.654654e-01
8.654654e-01
8.690563e-01
8.755854e-01
8.755854e-01
8.755854e-01
8.755854e-01
8.755854e-01
7.524323e-01
7.524323e-01
7.524323e-01
7.524323e-01
7.524323e-01
7.476923e-01
7.476923e-01
7.476923e-01
7.476923e-01
7.488414e-01
6.966591e-01
6.966591e-01
6.966591e-01
6.966591e-01
6.966591e-01
6.872750e-01
7.018729e-01
7.018729e-01
7.018729e-01
7.018729e-01
7.018729e-01
7.018729e-01
7.018729e-01
7.018729e-01
7.018729e-01
7.018729e-01
7.018729e-01
7.018729e-01
7.018729e-01
7.018729e-01
7.018729e-01
7.018729e-01
7.018729e-01
7.018729e-01
7.018729e-01
7.018729e-01
7.018729e-01
7.134254e-01
7.134254e-01
7.134254e-01
7.134254e-01
7.134254e-01
7.134254e-01
7.134254e-01
7.134254e-01
7.134254e-01
7.134254e-01
7.134254e-01
7.134254e-01
7.134254e-01
7.134254e-01
7.134254e-01
7.134254e-01
7.134254e-01
