6.493905e-01
6.117324e-01
5.796273e-01
5.635081e-01
6.289214e-01
6.044722e-01
5.820201e-01
5.614572e-01
5.787936e-01
5.928309e-01
5.830905e-01
5.270993e-01
5.513934e-01
7.191118e-01
7.166443e-01
5.320742e-01
5.604372e-01
6.505985e-01
6.453325e-01
6.453817e-01
6.559619e-01
5.843606e-01
5.707573e-01
5.768279e-01
5.945486e-01
6.450360e-01
5.821274e-01
6.268839e-01
5.212585e-01
5.356107e-01
5.765770e-01
5.435422e-01
5.485744e-01
5.267386e-01
5.268182e-01
5.473471e-01
5.460934e-01
5.607423e-01
6.030191e-01
5.245301e-01
5.580957e-01
5.515292e-01
5.538096e-01
5.628916e-01
5.604152e-01
5.487591e-01
5.498722e-01
5.397077e-01
5.372663e-01
5.567451e-01
